    unsorted:	 2126.572295 11.53071186
      sorted:	 11.53071186 2126.572295
