    unsorted:	 775104989.1 463.9750497
      sorted:	 463.9750497 775104989.1
