# Species
nork
# SSL Species?
0
#Constant buffer of Dorn?
0
#Number of fisheries?
1
#Number of sexes?
1
#5year_Average_F(endyr-4,endyr_as_estimated_by_ADmodel)
0.0179298721023562
#_Author_F_as_fraction_F_40%
1
#ABC SPR
0.4
#MSY SPR
0.35
#_Spawn_month
5
#_Number_of_ages
50
#_F_ratio(must_sum_to_one_only_one_fishery)
1
#_Natural_Mortality
0.0591507945097021 0.0591507945097021 0.0591507945097021 0.0591507945097021 0.0591507945097021 0.0591507945097021 0.0591507945097021 0.0591507945097021 0.0591507945097021 0.0591507945097021 0.0591507945097021 0.0591507945097021 0.0591507945097021 0.0591507945097021 0.0591507945097021 0.0591507945097021 0.0591507945097021 0.0591507945097021 0.0591507945097021 0.0591507945097021 0.0591507945097021 0.0591507945097021 0.0591507945097021 0.0591507945097021 0.0591507945097021 0.0591507945097021 0.0591507945097021 0.0591507945097021 0.0591507945097021 0.0591507945097021 0.0591507945097021 0.0591507945097021 0.0591507945097021 0.0591507945097021 0.0591507945097021 0.0591507945097021 0.0591507945097021 0.0591507945097021 0.0591507945097021 0.0591507945097021 0.0591507945097021 0.0591507945097021 0.0591507945097021 0.0591507945097021 0.0591507945097021 0.0591507945097021 0.0591507945097021 0.0591507945097021 0.0591507945097021 0.0591507945097021
#_Maturity_divided_by_2(projection_program_uses_to_get_female_spawning_biomass_if_divide_by_2
0.0037307 0.00711441 0.0135255 0.025565 0.047802 0.0876418 0.155271 0.260203 0.402277 0.562901 0.711334 0.825029 0.900225 0.945249 0.970619 0.984427 0.9918 0.995698 0.997747 0.998821 0.999384 0.999678 0.999832 0.999912 0.999954 0.999976 0.999987 0.999993 0.999997 0.999998 0.999999 1 1 1 1 1 1 1 1 1 1 1 1 1 1 1 1 1 1 1
#_Wt_at_age_spawners
28.6 74.6 138.8 214.9 296.8 379.6 459.9 535.2 604.3 666.5 721.7 770.3 812.6 849.2 880.7 907.6 930.6 950.1 966.7 980.7 992.5 1002.5 1010.9 1017.9 1023.9 1028.9 1033.1 1036.6 1039.5 1042 1044.1 1045.8 1047.3 1048.5 1049.5 1050.4 1051.1 1051.7 1052.2 1052.6 1053 1053.3 1053.5 1053.7 1053.9 1054.1 1054.2 1054.3 1054.4 1054.6
#_Wt_at_age_fishery
28.6 74.6 138.8 214.9 296.8 379.6 459.9 535.2 604.3 666.5 721.7 770.3 812.6 849.2 880.7 907.6 930.6 950.1 966.7 980.7 992.5 1002.5 1010.9 1017.9 1023.9 1028.9 1033.1 1036.6 1039.5 1042 1044.1 1045.8 1047.3 1048.5 1049.5 1050.4 1051.1 1051.7 1052.2 1052.6 1053 1053.3 1053.5 1053.7 1053.9 1054.1 1054.2 1054.3 1054.4 1054.6
#_Selectivity_fishery_scaled_to_max_at_one
6.19512186662349e-05 0.00030393576768894 0.00148971585844006 0.0072680842446209 0.0346813299617209 0.149879605735496 0.463854538640569 0.809363033453704 0.954199937721369 0.990313600900346 0.998010757321542 0.999593987773729 0.999917235811449 0.999983133148851 0.999996562816049 0.999999299566524 0.999999857265135 0.999999970913394 0.999999994072712 0.999999998792134 0.99999999975386 0.999999999949841 0.999999999989779 0.999999999997917 0.999999999999575 0.999999999999913 0.999999999999982 0.999999999999996 0.999999999999999 1 1 1 1 1 1 1 1 1 1 1 1 1 1 1 1 1 1 1 1 1
#_Numbers_at_age_end_year
10.9510684437977 9.87094177928096 8.96270597362717 7.72464092218865 6.06618766929602 4.72602338160696 3.66028472316114 2.57718475279808 3.81510855925644 1.8645192872306 2.97604173647935 1.65086415175539 1.99108272592985 2.84822680634853 2.32333722534568 2.0867568762953 1.59103057521326 1.80044250247578 0.995641160494549 0.917545452095059 1.92426863816614 3.4409194540896 2.5070239353792 3.04532582466347 6.60031989936684 3.43252643697501 3.08945167627311 4.2509970675871 5.85499038087952 1.0368465141769 1.39626463111738 1.45975525992528 2.00544373688837 0.788805774846979 1.78471168070542 1.49914861399876 0.984322802006265 1.99669087556754 3.2359164999122 1.10259517248194 1.73183075344698 1.34360167606562 1.00038443246712 0.799217690774173 0.731038994677747 1.24019798838844 1.98452344298332 0.547366543035676 0.45602871662514 4.33792995850769
#_N_recruitment_years
1979 1980 1981 1982 1983 1984 1985 1986 1987 1988 1989 1990 1991 1992 1993 1994 1995 1996 1997 1998 1999 2000 2001 2002 2003 2004 2005 2006 2007 2008 2009 2010 2011 2012 2013 2014 2015 2016 2017 2018 2019 2020 2021 2022
#_Recruitment_start_at_1977_yearclass=1979_for_age_2_recruits
41.0007549362349 22.6839131907603 23.2833367037154 27.3072566650648 34.2651393625881 41.0903437759753 24.1479829391451 64.8521671419562 36.5463853103583 16.4822314883275 23.0115243578779 25.2281323425561 10.3110023076695 24.2495058915929 16.286405448359 14.369840364427 9.86014157662562 51.4184632264189 34.3664111850835 22.9409179072569 23.4109180408324 41.3610423565231 17.5516192415248 13.3063823688323 16.8286636764019 8.67174002434769 3.80626104067683 3.7894752905831 6.26775096970107 5.0643006062218 6.08149706262523 6.21644812825806 7.02532588413202 4.53480031193791 3.46672124050955 5.75680176626131 3.32412238873249 6.28380004056222 3.94170195067017 5.23600476022862 6.35687680968791 7.68660188064988 9.22481534195668 10.0883317228552
#_Spawners per recruitment (starting at 1977)
21.3956638549816 23.8346695646631 26.9647448963225 30.6836707710123 34.7681217341102 38.7077912061634 41.5743429885436 44.505544609456 48.7081457367545 53.6298038452562 58.8306839474964 63.9129069500385 68.4025788289138 72.3277795394506 75.9556107029446 78.3490952141175 79.4029877211068 81.6688583373112 83.1806196879286 84.2411501405959 85.5458930385709 86.2794993275339 86.3313537451416 84.8620305953509 84.0977692172794 83.4097454606641 82.8678927681623 81.9310980604911 81.6648124143622 81.8049103649438 81.7816049057819 81.8998281435074 81.6778518223566 80.9256259174656 79.5129644184382 77.6231675403612 74.3519421740978 70.7080395965227 67.0702402528582 63.4779072848955 60.1323938445893 57.6071312157499 54.8942657837285 52.0608068266267 49.4643024843067 46.9389804669763
