    unsorted:	 265.2887817 3.838143073
      sorted:	 3.838143073 265.2887817
