    unsorted:	 8.799663810 3.056850740 18548.26141
      sorted:	 3.056850740 8.799663810 18548.26141
