    unsorted:	 781207455.2 467.8724878
      sorted:	 467.8724878 781207455.2
