    unsorted:	 2020.872150 11.10243604
      sorted:	 11.10243604 2020.872150
