    unsorted:	 7.643823880 2.841514604 21338.06403
      sorted:	 2.841514604 7.643823880 21338.06403
