    unsorted:	 0.0006242959536 59.44819628 3809.497871
      sorted:	 0.0006242959536 59.44819628 3809.497871
