    unsorted:	 0.0005258676132 46.84197814 4129.203696
      sorted:	 0.0005258676132 46.84197814 4129.203696
